id,lat,lon,alt,state,name,mlow,mhigh
13816,31.87,-86.2542,132.0,AL,HIGHLAND-HOME,53,76
18178,31.5411,-87.8833,118.9,AL,THOMASVILLE,53,76
34572,36.4947,-91.535,153.0,AR,MAMMOTH-SPRING,45,71
35754,34.2256,-92.0189,65.5,AR,PINE-BLUFF,52,74
35908,33.8203,-93.3878,93.9,AR,PRESCOTT,51,75
26796,34.5706,-112.4322,1586.5,AZ,PRESCOTT,37,69
27281,33.6731,-111.1508,672.1,AZ,ROOSEVELT,54,81
28619,31.7056,-110.0569,1405.1,AZ,TOMBSTONE,49,77
29287,33.9792,-112.7403,638.6,AZ,WICKENBURG,47,83
29359,35.2406,-112.1903,2057.4,AZ,WILLIAMS,35,63
41912,39.0911,-120.9481,725.4,CA,COLFAX,46,70
42239,32.9897,-116.5872,1414.3,CA,CUYAMACA,40,66
42294,38.535,-121.7761,18.3,CA,DAVIS,45,74
44890,36.3817,-119.0264,156.4,CA,LEMON-COVE,49,77
44997,37.6922,-121.7692,146.3,CA,LIVERMORE,45,73
45532,37.2858,-120.5117,46.6,CA,MERCED,47,76
46399,34.4478,-119.2275,227.1,CA,OJAI,44,78
46506,39.7458,-122.1997,77.4,CA,ORLAND,48,75
46508,41.3089,-123.5317,122.8,CA,ORLEANS,43,71
46719,34.1483,-118.1447,263.3,CA,PASADENA,51,76
46730,35.6278,-120.6856,213.4,CA,PASO-ROBLES,41,76
47916,36.9906,-121.9911,39.6,CA,SANTA-CRUZ,45,68
47965,38.4381,-122.6978,53.0,CA,SANTA-ROSA,43,71
48758,39.1678,-120.1428,1898.9,CA,TAHOE-CITY,30,56
49122,39.1467,-123.2103,193.9,CA,UKIAH,43,73
50848,39.9919,-105.2667,1671.5,CO,BOULDER,38,64
51294,38.46,-105.2256,1635.6,CO,CANON-CITY,39,68
51528,39.2203,-105.2783,2097.0,CO,CHEESMAN,28,62
52281,39.6261,-106.0353,2763.0,CO,DILLON,18,51
53146,39.1653,-108.7331,1378.9,CO,FRUITA,34,66
54770,38.0936,-102.6306,1105.5,CO,LAMAR,37,69
55722,38.4858,-107.8792,1764.5,CO,MONTROSE,34,63
57936,40.4883,-106.8233,2094.0,CO,STEAMBOAT-SPRINGS,22,55
83186,26.585,-81.8614,4.6,FL,FT-MYERS,64,83
84731,30.1853,-82.5942,59.4,FL,LAKE-CITY,57,80
87851,28.3378,-82.26,57.9,FL,SAINT-LEO,61,82
90140,31.5339,-84.1489,54.9,GA,ALBANY,54,78
92966,32.2003,-83.2058,121.9,GA,EASTMAN,54,77
93621,34.3006,-83.86,356.6,GA,GAINESVILLE,48,70
95874,33.0831,-83.2497,112.2,GA,MILLEDGEVILLE,50,75
99291,32.8694,-85.1892,175.3,GA,WEST-POINT,50,75
131635,41.7947,-90.2639,178.3,IA,CLINTON,39,60
132789,41.0211,-91.9553,225.6,IA,FAIRFIELD,40,61
132864,42.8503,-91.8158,344.4,IA,FAYETTE,35,56
134063,41.3656,-93.6481,287.1,IA,INDIANOLA,39,61
134894,41.6381,-95.7883,301.8,IA,LOGAN,38,61
138296,42.0356,-92.5806,289.3,IA,TOLEDO,37,59
100470,44.0425,-111.2739,1588.6,ID,ASHTON,28,54
103732,42.5872,-111.7275,1691.6,ID,GRACE,29,56
104831,47.5311,-116.1267,707.1,ID,KELLOGG,35,59
106152,46.7244,-116.9608,810.8,ID,MOSCOW,36,58
106542,42.2342,-113.8981,1389.6,ID,OAKLEY,35,61
110338,41.7806,-88.3092,201.2,IL,AURORA,38,59
112193,39.8275,-88.9525,189.0,IL,DECATUR,42,64
116910,40.8853,-88.6389,198.1,IL,PONTIAC,41,61
120784,39.1742,-86.5214,253.0,IN,BLOOMINGTON,43,64
129557,39.9961,-86.3542,289.0,IN,WHITESTOWN,41,62
143527,38.8586,-99.3358,612.6,KS,HAYS,40,67
143810,39.6703,-95.5225,313.9,KS,HORTON,42,65
143954,37.2364,-95.7003,245.4,KS,INDEPENDENCE,46,69
150909,36.9647,-86.4239,160.9,KY,BOWLING-GREEN,46,69
153430,37.2592,-85.5022,179.8,KY,GREENSBURG,44,68
160098,31.3206,-92.4611,26.5,LA,ALEXANDRIA,56,77
161411,32.5133,-92.3478,54.9,LA,CALHOUN,52,76
165026,30.205,-91.9875,11.6,LA,LAFAYETTE,58,78
190120,42.3861,-72.5375,45.7,MA,AMHERST,37,59
194105,42.6992,-71.1658,15.2,MA,LAWRENCE,39,59
196486,41.9819,-70.6961,13.7,MA,PLYMOUTH,40,59
186620,39.4133,-79.4,737.6,MD,OAKLAND,36,59
188000,38.365,-75.5892,3.0,MD,SALISBURY,47,67
172765,44.6889,-70.1567,128.0,ME,FARMINGTON,31,54
200230,42.2947,-83.7108,274.3,MI,ANN-ARBOR,39,58
200779,43.7072,-85.4822,283.5,MI,BIG-RAPIDS,35,56
201675,41.9622,-84.9925,299.9,MI,COLDWATER,38,58
202423,44.2839,-83.5036,178.6,MI,EAST-TAWAS,34,54
204104,46.4656,-90.1892,435.9,MI,IRONWOOD,30,50
212698,43.6447,-94.4656,361.8,MN,FAIRMONT,35,55
215638,45.5903,-95.8747,347.5,MN,MORRIS,31,53
216565,44.0139,-96.3258,519.7,MN,PIPESTONE,32,55
217405,44.3222,-93.9656,259.1,MN,ST-PETER,34,56
219249,44.2992,-92.6661,300.2,MN,ZUMBROTA,33,56
231037,39.4247,-93.1331,201.8,MO,BRUNSWICK,43,65
235976,36.8639,-94.36,308.2,MO,NEOSHO,45,69
238051,39.9714,-91.8872,210.3,MO,STEFFENVILLE,42,64
220021,33.83,-88.5214,60.4,MS,ABERDEEN,51,75
221707,34.1864,-90.5572,52.7,MS,CLARKSDALE,52,73
223887,31.2547,-89.3392,117.3,MS,HATTIESBURG,54,78
224776,33.0583,-89.5797,125.0,MS,KOSCIUSKO,51,75
225987,31.5519,-90.1058,58.2,MS,MONTICELLO,52,77
226177,31.5889,-91.3408,59.4,MS,NATCHEZ,55,77
241044,45.6622,-111.0453,1497.5,MT,BOZEMAN,31,55
241552,47.2194,-111.71,1024.1,MT,CASCADE,32,58
241722,48.5883,-109.2256,737.6,MT,CHINOOK,28,57
242173,48.6033,-112.3753,1169.8,MT,CUT-BANK,29,53
242409,45.2128,-112.6447,1593.5,MT,DILLON,29,58
242689,45.8903,-104.5461,1043.9,MT,EKALAKA,31,57
244345,45.9228,-108.2444,924.8,MT,HUNTLEY,31,60
244558,48.3042,-114.2636,901.3,MT,KALISPELL-GLACIER,32,54
245761,47.0575,-109.9514,1310.6,MT,MOCCASIN,30,55
246918,45.1797,-109.2497,1718.2,MT,RED-LODGE,29,53
247382,47.4536,-104.3378,602.0,MT,SAVAGE,30,57
312635,36.0164,-76.5517,3.0,NC,EDENTON,50,71
313017,35.0583,-78.8583,29.3,NC,FAYETTEVILLE,49,73
314055,35.0536,-83.1892,1170.4,NC,HIGHLANDS,42,62
315123,36.1028,-78.3039,79.2,NC,LOUISBURG,45,71
317615,35.6836,-80.4822,213.4,NC,SALISBURY,48,71
318500,35.8847,-77.5386,10.7,NC,TARBORO,49,72
321871,48.9075,-103.2944,595.0,ND,CROSBY,27,51
322188,46.8911,-102.8111,749.8,ND,DICKINSON,27,54
323621,47.9217,-97.0981,253.0,ND,GRAND-FORKS,29,50
324418,46.8844,-98.685,447.1,ND,JAMESTOWN,29,52
326947,48.9711,-97.2417,240.8,ND,PEMBINA,26,49
253185,41.4514,-97.7644,484.6,NE,GENOA,38,63
253365,40.94,-100.1522,787.9,NE,GOTHENBURG,37,64
254110,40.5208,-101.655,999.7,NE,IMPERIAL,36,64
254900,41.1489,-102.6361,1168.0,NE,LODGEPOLE,34,65
255565,40.5156,-98.9514,658.4,NE,MINDEN,38,64
256970,42.065,-100.2472,819.9,NE,PURDUM,34,62
273850,43.7031,-72.2847,183.8,NH,HANOVER,34,56
280325,39.3792,-74.4242,3.0,NJ,ATLANTIC-CITY,48,60
283029,40.5631,-74.8831,79.2,NJ,FLEMINGTON,40,63
291469,32.3478,-104.2225,951.0,NM,CARLSBAD,47,78
291515,33.6308,-105.8964,1647.4,NM,CARRIZOZO,40,71
291664,36.9178,-106.5781,2392.7,NM,CHAMA,25,58
291813,36.4661,-104.9456,1993.4,NM,CIMARRON,34,65
293265,32.7939,-108.1517,1872.1,NM,FT-BAYARD,40,69
294369,35.7783,-106.6872,1908.7,NM,JEMEZ-SPRINGS,36,66
299156,35.2006,-103.6867,1245.4,NM,TUCUMCARI,43,73
262573,40.8289,-115.7886,1533.1,NV,ELKO,29,62
269171,40.9017,-117.8081,1309.4,NV,WINNEMUCCA,32,65
303773,42.7747,-77.6083,274.9,NY,HEMLOCK,38,56
304555,44.2444,-73.9847,591.3,NY,LAKE-PLACID,29,52
309292,41.3906,-73.9608,97.5,NY,WEST-POINT,42,61
333375,40.1,-84.65,312.1,OH,GREENVILLE,40,60
333758,39.2,-83.6167,335.3,OH,HILLSBORO,42,62
336600,39.8386,-81.9167,310.9,OH,PHILO,41,62
338552,40.1,-83.7833,304.8,OH,URBANA,40,61
339312,40.7833,-81.9167,310.9,OH,WOOSTER,39,59
340017,34.7864,-96.685,309.4,OK,ADA,50,73
342912,36.4194,-97.8747,379.5,OK,ENID,48,71
344204,34.9894,-99.0525,474.3,OK,HOBART,48,73
350304,42.2128,-122.7144,532.2,OR,ASHLAND,39,65
352440,45.4539,-121.1303,405.4,OR,DUFUR,36,62
353770,45.4486,-122.1547,228.0,OR,PORTLAND,42,61
356073,43.4133,-124.2436,1.8,OR,NORTH-BEND,44,59
358997,45.5722,-117.5314,890.9,OR,WALLOWA,31,60
366233,41.0172,-80.3619,251.5,PA,NEW-CASTLE,38,62
368449,40.7933,-77.8672,356.6,PA,STATE-COLLEGE,40,59
368905,41.7511,-76.4431,231.6,PA,TOWANDA,37,59
369298,41.85,-79.15,368.8,PA,WARREN,37,58
374266,41.4906,-71.5414,34.7,RI,KINGSTON,39,59
380165,34.5283,-82.6606,243.8,SC,ANDERSON,50,73
381549,32.78,-79.9319,3.0,SC,CHARLESTON-CITY,59,73
381997,33.8314,-79.0558,6.1,SC,CONWAY,52,75
389350,34.9381,-81.0317,210.3,SC,WINTHROP,50,72
389469,32.68,-80.8417,7.6,SC,YEMASSEE,52,77
390020,45.4433,-98.4131,395.3,SD,ABERDEEN,31,55
391972,43.9611,-101.8606,735.8,SD,COTTONWOOD,32,61
392797,45.7644,-99.6353,566.9,SD,EUREKA,30,55
393832,44.5222,-99.455,576.1,SD,HIGHMORE,32,57
394516,43.9072,-99.8628,518.2,SD,KENNEBEC,34,61
401790,36.5467,-87.3567,116.4,TN,CLARKSVILLE,47,70
404561,35.6214,-88.8456,121.9,TN,JACKSON,48,70
405187,35.4139,-86.8086,239.9,TN,LEWISBURG,46,70
407884,36.4161,-82.9839,413.0,TN,ROGERSVILLE,45,69
410639,28.4575,-97.7061,77.7,TX,BEEVILLE,59,81
410902,29.7978,-98.7347,440.1,TX,BOERNE,53,77
411048,30.1592,-96.3972,95.4,TX,BRENHAM,57,79
412266,29.0567,-96.2319,21.3,TX,DANEVANG,59,80
413183,29.6778,-97.1111,158.5,TX,FLATONIA,58,80
413992,33.1578,-99.7456,487.7,TX,HASKELL,50,76
415618,32.5403,-94.3508,107.3,TX,MARSHALL,54,76
417079,34.1892,-101.7022,1027.2,TX,PLAINVIEW,45,73
422828,38.9664,-112.3278,1560.6,UT,FILLMORE,37,65
423809,40.4917,-111.4261,1703.8,UT,HEBER,28,61
424856,41.825,-111.3208,1822.7,UT,LAKETOWN,28,56
425733,38.5744,-109.5458,1242.7,UT,MOAB,40,71
428771,40.5278,-112.2975,1546.6,UT,TOOELE,40,62
444876,37.795,-79.4136,342.9,VA,LEXINGTON,42,67
449263,38.9036,-78.485,205.7,VA,WOODSTOCK,42,66
431243,43.3847,-72.5989,256.6,VT,CAVENDISH,31,56
450008,46.9658,-123.8292,3.0,WA,ABERDEEN,42,58
451276,46.72,-122.9528,56.4,WA,CENTRALIA,42,62
452007,47.6503,-118.1456,743.7,WA,DAVENPORT,34,57
454154,46.2111,-119.1011,118.9,WA,KENNEWICK,42,65
456096,48.6117,-122.8064,24.4,WA,OLGA,42,57
457938,47.6217,-117.5281,717.2,WA,SPOKANE,38,58
459012,47.6478,-120.0697,798.6,WA,WATERVILLE,34,56
459238,47.7569,-118.6775,679.7,WA,WILBUR,33,58
472839,43.7961,-88.4506,231.6,WI,FOND-DU-LAC,36,55
473405,44.1192,-89.5342,331.9,WI,HANCOCK,33,55
475255,45.1308,-90.3439,448.1,WI,MEDFORD,31,52
476922,42.7022,-87.7861,181.4,WI,RACINE,39,56
478027,45.8236,-91.8761,335.3,WI,SPOONER,31,53
468384,38.8008,-81.3619,287.4,WV,SPENCER,41,65
481730,41.7592,-104.8219,1616.7,WY,CHUGWATER,31,61
489770,44.0108,-107.9686,1237.5,WY,WORLAND,29,59
